# Created by Octave 3.8.0, Sat Jan 27 15:30:40 2018 EST <zhaonick@zhaonickdeMacBook-Pro.local>
# name: Costs
# type: matrix
# rows: 8
# columns: 8
 0.5649999999999999 0.06 0.045 0.145 0.18 0.18 0.18 0.18
 0.5649999999999999 0.06 0.045 0.14 0.18 0.18 0.18 0.18
 0.5649999999999999 0.06 0.045 0.08 0.175 0.185 0.18 0.18
 0.5649999999999999 0.06 0.035 0.06 0.1 0.18 0.185 0.18
 0.5649999999999999 0.065 0.03 0.065 0.075 0.17 0.18 0.18
 0.5649999999999999 0.08 0.035 0.075 0.095 0.08500000000000001 0.18 0.18
 0.5649999999999999 0.08 0.07000000000000001 0.07000000000000001 0.1 0.075 0.16 0.18
 0.5649999999999999 0.08 0.06 0.06 0.105 0.08 0.1 0.185


